Example result (this text should be removed when you do everything):
[
    {
        "gripper_wrt_camera": [
            [
                -0.01938346701663367,
                0.9959630284168519,
                -0.08764660423056304,
                0.0030200935154412172
            ],
            [
                0.9468170404334996,
                0.0464470021974312,
                0.31840252500823635,
                0.017283185496091313
            ],
            [
                0.32118806508206954,
                -0.07681355358011825,
                -0.9438950708819448,
                0.3023572263094005
            ],
            [
                0.0,
                0.0,
                0.0,
                1.0
            ]
        ],
        "image_name": "frame_0.png",
        "annotated_image_name": "annotated_0.png"
    },
    {
        "gripper_wrt_camera": [
            [
                -0.019384139404605812,
                0.995976081191321,
                -0.08749800474480914,
                0.0030200935154412172
            ],
            [
                0.9468178655292092,
                0.04639993051840724,
                0.31840693453911917,
                0.017283185496091313
            ],
            [
                0.32118559222707144,
                -0.0766726296840456,
                -0.9439073700332464,
                0.3023572263094005
            ],
            [
                0.0,
                0.0,
                0.0,
                1.0
            ]
        ],
        "image_name": "frame_1.png",
        "annotated_image_name": "annotated_1.png"
    },
    {
        "gripper_wrt_camera": [
            [
                -0.019384139404605812,
                0.995976081191321,
                -0.08749800474480914,
                0.0030200935154412172
            ],
            [
                0.9468178655292092,
                0.04639993051840724,
                0.31840693453911917,
                0.017283185496091313
            ],
            [
                0.32118559222707144,
                -0.0766726296840456,
                -0.9439073700332464,
                0.3023572263094005
            ],
            [
                0.0,
                0.0,
                0.0,
                1.0
            ]
        ],
        "image_name": "frame_2.png",
        "annotated_image_name": "annotated_2.png"
    },
    {
        "gripper_wrt_camera": [
            [
                -0.01938423443418217,
                0.9959779247798897,
                -0.08747699587060324,
                0.003020093515441213
            ],
            [
                0.9468179821823173,
                0.046393275559552194,
                0.31840755738370957,
                0.017283185496091397
            ],
            [
                0.3211852426118071,
                -0.07665270597963461,
                -0.9439091071678434,
                0.30235722630940043
            ],
            [
                0.0,
                0.0,
                0.0,
                1.0
            ]
        ],
        "image_name": "frame_3.png",
        "annotated_image_name": "annotated_3.png"
    },
    {
        "gripper_wrt_camera": [
            [
                -0.01938490637829044,
                0.9959909522569127,
                -0.08732839416291847,
                0.003020093515441213
            ],
            [
                0.9468188073151069,
                0.0463462031309676,
                0.31841195889875307,
                0.017283185496091397
            ],
            [
                0.32118276964853354,
                -0.07651177999309809,
                -0.943921382321211,
                0.30235722630940043
            ],
            [
                0.0,
                0.0,
                0.0,
                1.0
            ]
        ],
        "image_name": "frame_4.png",
        "annotated_image_name": "annotated_4.png"
    },
    {
        "gripper_wrt_camera": [
            [
                -0.01938490637829044,
                0.9959909522569127,
                -0.08732839416291847,
                0.003020093515441213
            ],
            [
                0.9468188073151069,
                0.0463462031309676,
                0.31841195889875307,
                0.017283185496091397
            ],
            [
                0.32118276964853354,
                -0.07651177999309809,
                -0.943921382321211,
                0.30235722630940043
            ],
            [
                0.0,
                0.0,
                0.0,
                1.0
            ]
        ],
        "image_name": "frame_5.png",
        "annotated_image_name": "annotated_5.png"
    },
    {
        "gripper_wrt_camera": [
            [
                -0.01938490637829044,
                0.9959909522569127,
                -0.08732839416291847,
                0.003020093515441213
            ],
            [
                0.9468188073151069,
                0.0463462031309676,
                0.31841195889875307,
                0.017283185496091397
            ],
            [
                0.32118276964853354,
                -0.07651177999309809,
                -0.943921382321211,
                0.30235722630940043
            ],
            [
                0.0,
                0.0,
                0.0,
                1.0
            ]
        ],
        "image_name": "frame_6.png",
        "annotated_image_name": "annotated_6.png"
    },
    {
        "gripper_wrt_camera": [
            [
                -0.01938490637829044,
                0.9959909522569127,
                -0.08732839416291847,
                0.003020093515441213
            ],
            [
                0.9468188073151069,
                0.0463462031309676,
                0.31841195889875307,
                0.017283185496091397
            ],
            [
                0.32118276964853354,
                -0.07651177999309809,
                -0.943921382321211,
                0.30235722630940043
            ],
            [
                0.0,
                0.0,
                0.0,
                1.0
            ]
        ],
        "image_name": "frame_7.png",
        "annotated_image_name": "annotated_7.png"
    },
    {
        "gripper_wrt_camera": [
            [
                -0.019385577933498113,
                0.9960039575696762,
                -0.08717979051206548,
                0.003020093515441213
            ],
            [
                0.9468196324803637,
                0.046299130046788387,
                0.3184163533907439,
                0.017283185496091397
            ],
            [
                0.32118029659045516,
                -0.07637085217839272,
                -0.9439336364488843,
                0.30235722630940043
            ],
            [
                0.0,
                0.0,
                0.0,
                1.0
            ]
        ],
        "image_name": "frame_8.png",
        "annotated_image_name": "annotated_8.png"
    },
    {
        "gripper_wrt_camera": [
            [
                -0.01938567284533735,
                0.9960057944481481,
                -0.0871587810495772,
                0.0030200935154412133
            ],
            [
                0.9468197491433012,
                0.04629247488945626,
                0.31841697410914666,
                0.01728318549609134
            ],
            [
                0.3211799469464889,
                -0.07635092792051472,
                -0.9439353672180784,
                0.30235722630940043
            ],
            [
                0.0,
                0.0,
                0.0,
                1.0
            ]
        ],
        "image_name": "frame_9.png",
        "annotated_image_name": "annotated_9.png"
    },
    {
        "gripper_wrt_camera": [
            [
                -0.019385767749403295,
                0.9960076308835986,
                -0.08713777154832468,
                0.003020093515441213
            ],
            [
                0.9468198658068872,
                0.04628581971904435,
                0.3184175946871718,
                0.01728318549609134
            ],
            [
                0.3211795973006286,
                -0.07633100362616717,
                -0.943937097567009,
                0.30235722630940043
            ],
            [
                0.0,
                0.0,
                0.0,
                1.0
            ]
        ],
        "image_name": "frame_10.png",
        "annotated_image_name": "annotated_10.png"
    },
    {
        "gripper_wrt_camera": [
            [
                -0.04886464170537034,
                0.9950401278555498,
                -0.08664520037611434,
                0.003020093515441213
            ],
            [
                0.9450421317272615,
                0.07413747097059913,
                0.3184321036869185,
                0.01728318549609137
            ],
            [
                0.3232763771935688,
                -0.06632329421323054,
                -0.9439775445386971,
                0.30235722630940043
            ],
            [
                0.0,
                0.0,
                0.0,
                1.0
            ]
        ],
        "image_name": "frame_11.png",
        "annotated_image_name": "annotated_11.png"
    },
    {
        "gripper_wrt_camera": [
            [
                -0.01541965604146968,
                0.998603214022644,
                -0.05053568196046247,
                0.0030200935154412172
            ],
            [
                0.9553672124848,
                0.029626846059067718,
                0.2939315214494953,
                0.01728318549609134
            ],
            [
                0.29501817489196397,
                -0.04374781064508849,
                -0.9544896047350004,
                0.3023572263094005
            ],
            [
                0.0,
                0.0,
                0.0,
                1.0
            ]
        ],
        "image_name": "frame_12.png",
        "annotated_image_name": "annotated_12.png"
    },
    {
        "gripper_wrt_camera": [
            [
                -0.028505939883739527,
                0.9949935784579609,
                -0.09578721323207226,
                0.0030200935154412172
            ],
            [
                0.993107687870691,
                0.03908917803096922,
                0.11049505171270362,
                0.017283185496091313
            ],
            [
                0.1136861103366389,
                -0.09197725255890737,
                -0.9892500459076269,
                0.3023572263094005
            ],
            [
                0.0,
                0.0,
                0.0,
                1.0
            ]
        ],
        "image_name": "frame_13.png",
        "annotated_image_name": "annotated_13.png"
    },
    {
        "gripper_wrt_camera": [
            [
                0.03225537151350222,
                0.9929004084799004,
                -0.11449178943912275,
                0.0030200935154412164
            ],
            [
                0.54801225958091,
                -0.11336654388244985,
                -0.8287524299072507,
                0.017283185496091286
            ],
            [
                -0.8358481646552512,
                -0.036011186714619496,
                -0.547778276380009,
                0.3023572263094005
            ],
            [
                0.0,
                0.0,
                0.0,
                1.0
            ]
        ],
        "image_name": "frame_14.png",
        "annotated_image_name": "annotated_14.png"
    },
    {
        "gripper_wrt_camera": [
            [
                -0.09268591310803886,
                0.9956881982909063,
                0.003785933905677543,
                0.0030200935154412194
            ],
            [
                0.06269923176069984,
                0.009631172269040637,
                -0.9979859953212477,
                0.01728318549609123
            ],
            [
                -0.9937193405826154,
                -0.09226186809800228,
                -0.06332155910209152,
                0.30235722630940043
            ],
            [
                0.0,
                0.0,
                0.0,
                1.0
            ]
        ],
        "image_name": "frame_15.png",
        "annotated_image_name": "annotated_15.png"
    },
    {
        "gripper_wrt_camera": [
            [
                -0.09089461524866095,
                0.995829420865851,
                0.007869781241055572,
                0.0030200935154412172
            ],
            [
                -0.0696392966516397,
                0.0015271983048599524,
                -0.997571068158656,
                0.017283185496091313
            ],
            [
                -0.9934226377935346,
                -0.09122188445390643,
                0.06921004635177946,
                0.3023572263094005
            ],
            [
                0.0,
                0.0,
                0.0,
                1.0
            ]
        ],
        "image_name": "frame_16.png",
        "annotated_image_name": "annotated_16.png"
    },
    {
        "gripper_wrt_camera": [
            [
                -0.09816989717374869,
                0.9951586827647088,
                0.004676259927177665,
                0.0030200935154412172
            ],
            [
                0.08862052332225963,
                0.013422287298124282,
                -0.9959750223021536,
                0.01728318549609134
            ],
            [
                -0.9912159573649859,
                -0.09736035292508728,
                -0.08950914781919199,
                0.30235722630940043
            ],
            [
                0.0,
                0.0,
                0.0,
                1.0
            ]
        ],
        "image_name": "frame_17.png",
        "annotated_image_name": "annotated_17.png"
    },
    {
        "gripper_wrt_camera": [
            [
                -0.08276271607872882,
                0.9963735078216536,
                0.019752613458606582,
                0.0030200935154412177
            ],
            [
                0.09034827327639253,
                0.027240726358518902,
                -0.9955376097081586,
                0.017283185496091286
            ],
            [
                -0.9924653758913947,
                -0.08060878201929192,
                -0.09227514247141656,
                0.3023572263094005
            ],
            [
                0.0,
                0.0,
                0.0,
                1.0
            ]
        ],
        "image_name": "frame_18.png",
        "annotated_image_name": "annotated_18.png"
    },
    {
        "gripper_wrt_camera": [
            [
                -0.10317932778678411,
                0.9946333196973663,
                0.00765412733523624,
                0.0030200935154412155
            ],
            [
                -0.09708585299609028,
                -0.0024122518913678556,
                -0.9952730872423075,
                0.017283185496091313
            ],
            [
                -0.9899133110861221,
                -0.10343471558722099,
                0.09681371878975606,
                0.30235722630940043
            ],
            [
                0.0,
                0.0,
                0.0,
                1.0
            ]
        ],
        "image_name": "frame_19.png",
        "annotated_image_name": "annotated_19.png"
    },
    {
        "gripper_wrt_camera": [
            [
                -0.1664597708543597,
                0.9522907666734703,
                0.25579960984248695,
                0.0030200935154412107
            ],
            [
                -0.20367460721272312,
                0.22061829000289787,
                -0.9538575493714665,
                0.01728318549609137
            ],
            [
                -0.9647838094950899,
                -0.21087879415591215,
                0.15723337785435954,
                0.3023572263094005
            ],
            [
                0.0,
                0.0,
                0.0,
                1.0
            ]
        ],
        "image_name": "frame_20.png",
        "annotated_image_name": "annotated_20.png"
    },
    {
        "gripper_wrt_camera": [
            [
                -0.20755452879797517,
                0.7520358380112575,
                0.6255902939801391,
                0.0030200935154412224
            ],
            [
                -0.20028362707290473,
                0.5932998790517844,
                -0.7796676998848033,
                0.017283185496091313
            ],
            [
                -0.9575006978075647,
                -0.2871190552085392,
                0.02747838849321761,
                0.30235722630940054
            ],
            [
                0.0,
                0.0,
                0.0,
                1.0
            ]
        ],
        "image_name": "frame_21.png",
        "annotated_image_name": "annotated_21.png"
    },
    {
        "gripper_wrt_camera": [
            [
                -0.06824025826094975,
                0.775319718999702,
                0.6278714840496439,
                0.003020093515441221
            ],
            [
                -0.20374311899474487,
                0.6052452582892128,
                -0.7695238259993753,
                0.017283185496091286
            ],
            [
                -0.9766432350734698,
                -0.1804369991122856,
                0.11666396503025753,
                0.30235722630940054
            ],
            [
                0.0,
                0.0,
                0.0,
                1.0
            ]
        ],
        "image_name": "frame_22.png",
        "annotated_image_name": "annotated_22.png"
    },
    {
        "gripper_wrt_camera": [
            [
                0.19820638014068154,
                0.7976985345643363,
                0.5695535785379963,
                0.003020093515441225
            ],
            [
                -0.04042718018218999,
                0.5872408693092399,
                -0.808402006748773,
                0.017283185496091258
            ],
            [
                -0.9793262347012074,
                0.1372049903131702,
                0.14864358936435335,
                0.30235722630940054
            ],
            [
                0.0,
                0.0,
                0.0,
                1.0
            ]
        ],
        "image_name": "frame_23.png",
        "annotated_image_name": "annotated_23.png"
    },
    {
        "gripper_wrt_camera": [
            [
                0.04954365281851883,
                0.7179526135776111,
                0.6943266314368733,
                0.0030200935154412155
            ],
            [
                -0.07642296154973588,
                0.6958673220453342,
                -0.7140925717702311,
                0.01728318549609134
            ],
            [
                -0.9958438418815305,
                -0.017683743001190747,
                0.0893438739931409,
                0.3023572263094005
            ],
            [
                0.0,
                0.0,
                0.0,
                1.0
            ]
        ],
        "image_name": "frame_24.png",
        "annotated_image_name": "annotated_24.png"
    },
    {
        "gripper_wrt_camera": [
            [
                0.0021379526146019408,
                0.6071942928453491,
                0.7945505143756776,
                0.003020093515441219
            ],
            [
                -0.054360287539295046,
                0.7934480572973326,
                -0.6062055257994049,
                0.017283185496091286
            ],
            [
                -0.9985190976126914,
                -0.041895955737088285,
                0.03470361069994189,
                0.3023572263094006
            ],
            [
                0.0,
                0.0,
                0.0,
                1.0
            ]
        ],
        "image_name": "frame_25.png",
        "annotated_image_name": "annotated_25.png"
    },
    {
        "gripper_wrt_camera": [
            [
                0.0429345193636691,
                0.6777716813611446,
                0.734017830159389,
                0.003020093515441218
            ],
            [
                -0.05539963812816535,
                0.7351800112255474,
                -0.6756043451530424,
                0.017283185496091313
            ],
            [
                -0.9975407295656052,
                -0.011657574331299506,
                0.06911290630867169,
                0.3023572263094005
            ],
            [
                0.0,
                0.0,
                0.0,
                1.0
            ]
        ],
        "image_name": "frame_26.png",
        "annotated_image_name": "annotated_26.png"
    },
    {
        "gripper_wrt_camera": [
            [
                0.013705882041452814,
                0.5996049545834689,
                0.8001787595509031,
                0.003020093515441223
            ],
            [
                -0.08886532140214526,
                0.7978176901484259,
                -0.5963135818831591,
                0.017283185496091286
            ],
            [
                -0.9959493478332919,
                -0.06293513903365465,
                0.06421888215513738,
                0.3023572263094005
            ],
            [
                0.0,
                0.0,
                0.0,
                1.0
            ]
        ],
        "image_name": "frame_27.png",
        "annotated_image_name": "annotated_27.png"
    },
    {
        "gripper_wrt_camera": [
            [
                -0.003381130604672183,
                0.6024485186204322,
                0.7981505812613815,
                0.0030200935154412107
            ],
            [
                -0.04872908754996281,
                0.7971076900373547,
                -0.6018677649698977,
                0.017283185496091313
            ],
            [
                -0.9988063095427376,
                -0.04092814307244539,
                0.026661641402195655,
                0.3023572263094005
            ],
            [
                0.0,
                0.0,
                0.0,
                1.0
            ]
        ],
        "image_name": "frame_28.png",
        "annotated_image_name": "annotated_28.png"
    },
    {
        "gripper_wrt_camera": [
            [
                0.028955031811375525,
                0.679478733044974,
                0.7331236304146799,
                0.0030200935154412224
            ],
            [
                -0.08377968009594233,
                0.7325001495227668,
                -0.6755919598042489,
                0.01728318549609137
            ],
            [
                -0.9960635378005888,
                -0.04185907653927665,
                0.07813607601777332,
                0.3023572263094005
            ],
            [
                0.0,
                0.0,
                0.0,
                1.0
            ]
        ],
        "image_name": "frame_29.png",
        "annotated_image_name": "annotated_29.png"
    },
    {
        "gripper_wrt_camera": [
            [
                0.1563564646788912,
                0.9537550193235594,
                0.256717780974041,
                0.0030200935154412207
            ],
            [
                -0.4165029801185469,
                0.29934283426098784,
                -0.8584399426453592,
                0.01728318549609134
            ],
            [
                -0.895588032247801,
                0.027298913746069485,
                0.4440459951432927,
                0.3023572263094005
            ],
            [
                0.0,
                0.0,
                0.0,
                1.0
            ]
        ],
        "image_name": "frame_30.png",
        "annotated_image_name": "annotated_30.png"
    },
    {
        "gripper_wrt_camera": [
            [
                -0.12866373457078173,
                0.9653762775901241,
                -0.2269235247226138,
                0.003020093515441219
            ],
            [
                -0.38456416483833666,
                -0.25948995618917226,
                -0.8858754798272345,
                0.017283185496091258
            ],
            [
                -0.914087548612545,
                -0.026713391832131658,
                0.40463606879309666,
                0.30235722630940054
            ],
            [
                0.0,
                0.0,
                0.0,
                1.0
            ]
        ],
        "image_name": "frame_31.png",
        "annotated_image_name": "annotated_31.png"
    },
    {
        "gripper_wrt_camera": [
            [
                -0.16503893880645726,
                0.7773043021975424,
                -0.6070915667861237,
                0.003020093515441223
            ],
            [
                -0.19890053100828486,
                -0.6291163347518893,
                -0.7514327755115362,
                0.017283185496091286
            ],
            [
                -0.9660231505726257,
                -0.0032648328504030094,
                0.25843493073537593,
                0.3023572263094005
            ],
            [
                0.0,
                0.0,
                0.0,
                1.0
            ]
        ],
        "image_name": "frame_32.png",
        "annotated_image_name": "annotated_32.png"
    },
    {
        "gripper_wrt_camera": [
            [
                -0.1485556042020863,
                0.7914146521213521,
                -0.5929536920095799,
                0.0030200935154412133
            ],
            [
                -0.1951526081610078,
                -0.6112770965755612,
                -0.7669783378493208,
                0.017283185496091258
            ],
            [
                -0.9694569056890096,
                0.0017775291252508636,
                0.24525527191499896,
                0.3023572263094005
            ],
            [
                0.0,
                0.0,
                0.0,
                1.0
            ]
        ],
        "image_name": "frame_33.png",
        "annotated_image_name": "annotated_33.png"
    },
    {
        "gripper_wrt_camera": [
            [
                -0.12446002482744119,
                0.8203583779570106,
                -0.5581414103394366,
                0.0030200935154412172
            ],
            [
                -0.16660806455356902,
                -0.5718070607817171,
                -0.8032922494745528,
                0.017283185496091397
            ],
            [
                -0.9781367261511381,
                -0.006986913189440964,
                0.20784544257312204,
                0.30235722630940054
            ],
            [
                0.0,
                0.0,
                0.0,
                1.0
            ]
        ],
        "image_name": "frame_34.png",
        "annotated_image_name": "annotated_34.png"
    },
    {
        "gripper_wrt_camera": [
            [
                -0.1972735765167701,
                0.9537709821864123,
                -0.22672461169323554,
                0.003020093515441212
            ],
            [
                -0.12526260383604906,
                -0.2538967720930303,
                -0.9590858716512054,
                0.01728318549609134
            ],
            [
                -0.9723129208688404,
                -0.16080218487292552,
                0.16955896098879195,
                0.30235722630940043
            ],
            [
                0.0,
                0.0,
                0.0,
                1.0
            ]
        ],
        "image_name": "frame_35.png",
        "annotated_image_name": "annotated_35.png"
    },
    {
        "gripper_wrt_camera": [
            [
                -0.4469559398793924,
                0.8080062859141411,
                0.3838700688120451,
                0.0030200935154412133
            ],
            [
                -0.059390594530830274,
                0.4013683062150175,
                -0.9139891903339786,
                0.01728318549609134
            ],
            [
                -0.8925822903731644,
                -0.4313111692146671,
                -0.1314059748370437,
                0.3023572263094005
            ],
            [
                0.0,
                0.0,
                0.0,
                1.0
            ]
        ],
        "image_name": "frame_36.png",
        "annotated_image_name": "annotated_36.png"
    },
    {
        "gripper_wrt_camera": [
            [
                -0.5648937127522293,
                0.5355671924483993,
                0.6277442756934872,
                0.0030200935154412233
            ],
            [
                -0.1781129821191007,
                0.6636773882963123,
                -0.7265040191663265,
                0.017283185496091286
            ],
            [
                -0.8057113992576018,
                -0.5222069576682458,
                -0.279515714172268,
                0.30235722630940065
            ],
            [
                0.0,
                0.0,
                0.0,
                1.0
            ]
        ],
        "image_name": "frame_37.png",
        "annotated_image_name": "annotated_37.png"
    },
    {
        "gripper_wrt_camera": [
            [
                -0.5170191911122737,
                0.5281322309583975,
                0.6736226708213707,
                0.0030200935154412164
            ],
            [
                -0.14909414221752743,
                0.7193732301253246,
                -0.6784342949287546,
                0.01728318549609137
            ],
            [
                -0.8428891343338284,
                -0.4511967446712833,
                -0.2931883435950474,
                0.30235722630940054
            ],
            [
                0.0,
                0.0,
                0.0,
                1.0
            ]
        ],
        "image_name": "frame_38.png",
        "annotated_image_name": "annotated_38.png"
    },
    {
        "gripper_wrt_camera": [
            [
                -0.47437585671183197,
                0.5395906000177542,
                0.6955641817556416,
                0.0030200935154412138
            ],
            [
                -0.10941028776423296,
                0.7478604548383609,
                -0.6547779234368755,
                0.01728318549609134
            ],
            [
                -0.8734969579227299,
                -0.3867127156707407,
                -0.2957301811420303,
                0.3023572263094005
            ],
            [
                0.0,
                0.0,
                0.0,
                1.0
            ]
        ],
        "image_name": "frame_39.png",
        "annotated_image_name": "annotated_39.png"
    },
    {
        "gripper_wrt_camera": [
            [
                -0.48774446091733625,
                0.5274805812729416,
                0.6956073441420934,
                0.003020093515441215
            ],
            [
                -0.07132466748042993,
                0.7700713752975059,
                -0.6339580970034325,
                0.017283185496091313
            ],
            [
                -0.8700678896806061,
                -0.35882351278499997,
                -0.33797567075067725,
                0.3023572263094005
            ],
            [
                0.0,
                0.0,
                0.0,
                1.0
            ]
        ],
        "image_name": "frame_40.png",
        "annotated_image_name": "annotated_40.png"
    },
    {
        "gripper_wrt_camera": [
            [
                -0.5126378149524147,
                0.5024083206700544,
                0.6962674414349058,
                0.003020093515441222
            ],
            [
                -0.12129067986270478,
                0.7604217821783708,
                -0.6380025737934865,
                0.017283185496091313
            ],
            [
                -0.8499947303714639,
                -0.4115149967014162,
                -0.3288835140753902,
                0.30235722630940054
            ],
            [
                0.0,
                0.0,
                0.0,
                1.0
            ]
        ],
        "image_name": "frame_41.png",
        "annotated_image_name": "annotated_41.png"
    },
    {
        "gripper_wrt_camera": [
            [
                -0.48841231351298825,
                0.6002776533645845,
                0.6333404699527727,
                0.00302009351544122
            ],
            [
                0.017397895601788133,
                0.7323521272882891,
                -0.6807038084842384,
                0.017283185496091313
            ],
            [
                -0.8724395252609325,
                -0.3214453305422638,
                -0.3681333647403551,
                0.30235722630940054
            ],
            [
                0.0,
                0.0,
                0.0,
                1.0
            ]
        ],
        "image_name": "frame_42.png",
        "annotated_image_name": "annotated_42.png"
    },
    {
        "gripper_wrt_camera": [
            [
                -0.4979726284414921,
                0.6837144022082597,
                0.5334396662567138,
                0.0030200935154412107
            ],
            [
                0.07696934229707703,
                0.647553277726717,
                -0.758122993221905,
                0.01728318549609137
            ],
            [
                -0.8637702134650326,
                -0.33646599934969246,
                -0.37508885562248584,
                0.30235722630940043
            ],
            [
                0.0,
                0.0,
                0.0,
                1.0
            ]
        ],
        "image_name": "frame_43.png",
        "annotated_image_name": "annotated_43.png"
    },
    {
        "gripper_wrt_camera": [
            [
                -0.4482568263417047,
                0.7521456895300251,
                0.4830555654989038,
                0.003020093515441219
            ],
            [
                0.12926645897953454,
                0.5892502203056108,
                -0.7975427013349701,
                0.01728318549609137
            ],
            [
                -0.8845089034153114,
                -0.2950610777300045,
                -0.36136264359761006,
                0.3023572263094005
            ],
            [
                0.0,
                0.0,
                0.0,
                1.0
            ]
        ],
        "image_name": "frame_44.png",
        "annotated_image_name": "annotated_44.png"
    },
    {
        "gripper_wrt_camera": [
            [
                -0.33836025811047654,
                0.7859130900060948,
                0.5175451194712244,
                0.003020093515441217
            ],
            [
                0.027181594580040623,
                0.5579182969924137,
                -0.8294506222778854,
                0.01728318549609134
            ],
            [
                -0.9406239932340125,
                -0.26658542502949567,
                -0.21013974996260304,
                0.3023572263094005
            ],
            [
                0.0,
                0.0,
                0.0,
                1.0
            ]
        ],
        "image_name": "frame_45.png",
        "annotated_image_name": "annotated_45.png"
    },
    {
        "gripper_wrt_camera": [
            [
                -0.3703453657887536,
                0.8003690080632403,
                0.4714379714985406,
                0.0030200935154412216
            ],
            [
                0.024810035914055995,
                0.5158679821325498,
                -0.8563087568911308,
                0.01728318549609134
            ],
            [
                -0.9285627454064365,
                -0.305433586794831,
                -0.21090650037613132,
                0.3023572263094005
            ],
            [
                0.0,
                0.0,
                0.0,
                1.0
            ]
        ],
        "image_name": "frame_46.png",
        "annotated_image_name": "annotated_46.png"
    },
    {
        "gripper_wrt_camera": [
            [
                -0.3172899020762308,
                0.8134454682725359,
                0.4874767565611009,
                0.0030200935154412194
            ],
            [
                -0.00608839282083881,
                0.512279911530965,
                -0.8587969630329892,
                0.01728318549609134
            ],
            [
                -0.9483090474699247,
                -0.27545555428907453,
                -0.15758866741610555,
                0.30235722630940054
            ],
            [
                0.0,
                0.0,
                0.0,
                1.0
            ]
        ],
        "image_name": "frame_47.png",
        "annotated_image_name": "annotated_47.png"
    },
    {
        "gripper_wrt_camera": [
            [
                -0.3165287036038133,
                0.9306396253539528,
                0.18362861300991007,
                0.0030200935154412146
            ],
            [
                -0.14139596717354924,
                0.14513001214688523,
                -0.9792570959872082,
                0.017283185496091286
            ],
            [
                -0.9379854797713801,
                -0.3359273244249402,
                0.08565087531809294,
                0.3023572263094005
            ],
            [
                0.0,
                0.0,
                0.0,
                1.0
            ]
        ],
        "image_name": "frame_48.png",
        "annotated_image_name": "annotated_48.png"
    },
    {
        "gripper_wrt_camera": [
            [
                -0.13665410160726205,
                0.9491778898734774,
                -0.28352599508553983,
                0.0030200935154412164
            ],
            [
                -0.31766123714639816,
                -0.313084146647248,
                -0.8950249468773391,
                0.017283185496091286
            ],
            [
                -0.9383053846848223,
                -0.032243611669574034,
                0.3443012555567732,
                0.3023572263094005
            ],
            [
                0.0,
                0.0,
                0.0,
                1.0
            ]
        ],
        "image_name": "frame_49.png",
        "annotated_image_name": "annotated_49.png"
    },
    {
        "gripper_wrt_camera": [
            [
                0.020663171220383407,
                0.9614075550437586,
                -0.27435113715802306,
                0.003020093515441209
            ],
            [
                -0.5478669219771212,
                -0.2186522552916963,
                -0.8074856203420405,
                0.01728318549609137
            ],
            [
                -0.8363102708674771,
                0.16699312668681415,
                0.5222053489585591,
                0.3023572263094004
            ],
            [
                0.0,
                0.0,
                0.0,
                1.0
